0001
0002
0006
0007
0008
0009
0011
0013
0016
0017
0024
0025
0034
0043
0044
0049
0050
0051
0052
0056
0057
0063
0064
0067
0078
0082
0084
0085
0086
0088
0089
0090
0096
0101
0103
0105
0108
0116
0120
0123
0125
0126
0127
0128
0131
0133
0134
0137
0138
0141
0145
0150
0152
0155
0157
0158
0160
0162
0163
0169
0171
0174
0176
0180
0182
0187
0188
0194
0197
0200
0201
0204
0209
0215
0216
0219
0223
0225
0226
0227
0229
0230
0231
0233
0238
0239
0248
0250
0254
0255
0259
0260
0262
0280
0281
0282
0283
0287
0288
0291
0293
0296
0298
0299
0300
0305
0306
0308
0309
0311
0313
0317
0320
0322
0329
0331
0333
0336
0337
0340
0344
0347
0351
0352
0353
0354
0361
0362
0369
0373
0374
0379
0381
0384
0387
0388
0389
0390
0392
0399
