0001
0002
0004
0005
0006
0007
0008
0009
0011
0012
0013
0016
0017
0022
0023
0024
0025
0028
0029
0030
0031
0032
0033
0034
0037
0038
0042
0043
0044
0049
0050
0051
0052
0053
0055
0056
0057
0059
0060
0061
0063
0064
0067
0069
0071
0072
0073
0075
0077
0078
0080
0082
0083
0084
0085
0086
0087
0088
0089
0090
0091
0092
0093
0094
0095
0096
0097
0099
0100
0101
0103
0105
0106
0108
0109
0111
0112
0113
0116
0117
0119
0120
0121
0123
0125
0126
0127
0128
0130
0131
0133
0134
0135
0137
0138
0139
0140
0141
0142
0145
0147
0150
0151
0152
0153
0154
0155
0156
0157
0158
0159
0160
0162
0163
0165
0166
0168
0169
0171
0173
0174
0176
0177
0178
0179
0180
0181
0182
0186
0187
0188
0189
0192
0193
0194
0196
0197
0199
0200
0201
0204
0205
0206
0207
0208
0209
0210
0211
0212
0213
0214
0215
0216
0219
0222
0223
0225
0226
0227
0228
0229
0230
0231
0232
0233
0234
0236
0237
0238
0239
0241
0242
0243
0244
0247
0248
0250
0251
0252
0254
0255
0259
0260
0261
0262
0264
0266
0267
0269
0270
0273
0274
0278
0279
0280
0281
0282
0283
0287
0288
0289
0290
0291
0292
0293
0295
0296
0298
0299
0300
0302
0303
0305
0306
0307
0308
0309
0311
0312
0313
0314
0317
0318
0320
0321
0322
0323
0324
0326
0328
0329
0331
0332
0333
0334
0336
0337
0338
0339
0340
0341
0342
0343
0344
0346
0347
0351
0352
0353
0354
0359
0360
0361
0362
0363
0366
0367
0368
0369
0372
0373
0374
0375
0377
0379
0380
0381
0384
0387
0388
0389
0390
0391
0392
0393
0394
0396
0398
0399
0400
